FID IID pheno1 pheno2 pheno3 SEX covar1 covar2 covar3 covar4 covar5
1328 NA06984 0.666537056511184 0.748586816342343 -0.543111166297539 1 2 1 0.938568849350349 0.00871051901514337 0.856406808756998
1328 NA06989 -0.256521506441431 -0.449912109274714 -0.468251403694841 2 1 1 -0.306474221881641 -0.760698235742196 1.29672867566778
13281 NA12347 0.789005228211663 -0.557090730169276 -0.424287269686243 1 4 1 -0.388987256024809 1.89197347485419 -0.386882021059691
13281 NA12348 -0.078689274812666 0.564477641448515 -1.5837685464119 2 0 0 0.175280594797499 -0.350265716826553 0.0920761001365744
13291 NA07037 0.011758949867838 0.74888095173331 0.407076091433285 2 2 1 1.13085864652987 -0.660102430451143 -1.41460962629591
13292 NA07051 -0.985539292699966 -1.51629105121422 -0.198762125105503 1 3 0 1.32947715636292 1.07300808809831 -0.87487919600189
1330 NA12340 0.290114221020466 1.17169492582086 -0.782517981407884 1 1 1 -0.415108465354821 -1.48171916651536 -0.0315583700444624
1330 NA12341 -0.452892813745105 -1.81052389757195 -2.78602967077063 2 2 2 0.775634365974306 0.523388718346051 1.94988864562764
1330 NA12342 -2.28857224345588 1.56745957497181 -1.29308438843161 1 0 1 -0.491229675062189 -0.547883505261534 0.673462961986939
1334 NA12144 -0.23263563659461 2.64113302226919 -0.201182313247028 1 2 1 -0.956227027140479 0.901879193261431 -1.22441537623854
1340 NA06994 0.800221022022731 -0.882683418387466 -0.208520393580858 1 2 1 1.12951652794781 1.58139565059844 -0.955322336997997
1340 NA07000 1.48043779428487 0.263476432219042 -1.38725269822808 2 4 2 -0.734834230938698 -0.0938857517082525 0.320448334517647
1340 NA07056 0.377027781709803 0.289643657962496 0.052988833241214 2 1 1 -0.874533801602452 -1.60076991798893 1.63365192634922
1341 NA06985 2.50429309129855 0.595122026299496 1.29836984727108 2 3 1 0.137457369319019 0.0845600681894434 0.565462524761925
1344 NA12058 0.675882878446261 -0.507392585122601 0.488025322291327 2 3 1 -0.681995523249084 -0.948013969221079 0.590446662845902
1345 NA07347 0.317466930730269 -1.55841645676394 0.337731291217879 1 0 1 1.21186838122454 0.661157712634125 -0.198957562516197
1345 NA07357 -1.42200950540219 0.763761603715187 -2.37260702267228 1 1 1 -1.54066542941053 -1.09154853655462 -0.24728703386319
1346 NA12043 0.342523594445083 -0.999191780840774 -0.187773616951805 1 2 1 0.733867318467918 1.48310398111096 -0.709084355666716
1346 NA12044 0.403392981234584 1.96071547432654 -1.33151360888855 2 3 0 0.529690661021005 0.0773675145070403 0.996723402441455
1346 NA12045 -0.286884748885612 -1.75259610547386 -1.06968173190181 1 0 1 0.102537347082052 1.17708693501403 -1.27522024364313
1346 NA12046 -0.23814520936511 -0.626128043292162 0.413622120256286 2 2 1 1.70591649203157 -1.32413793625015 0.0795719609259519
1347 NA11881 -1.02134319837472 0.474868940667081 0.970493563258648 1 3 0 0.879809512822558 -1.31264069831936 -0.995462015843
1349 NA11840 2.4579022900328 -0.387085911084779 0.505396833749949 2 2 0 1.76709246830385 -0.214366178468578 0.191040742472113
1349 NA11843 -0.115632080295213 -1.79153113413894 -0.919968961193843 1 4 1 -1.45478040205075 0.243292046024642 0.619536515459063
1350 NA11829 0.218606384057353 -1.55357531155907 0.605444800766868 1 3 1 -0.68517356246347 -0.942179305531804 1.40586201134242
1350 NA11830 -0.68835869857575 -1.75340453212959 0.418681824215292 2 1 1 1.47870699938793 0.831751946383936 0.0909287722794351
1350 NA11831 -0.352017761792438 -0.0273684445457121 0.158064232090263 1 1 1 0.503325998746408 0.53646524365055 1.69353197794343
1350 NA11832 -1.12837456846484 0.338950299905203 0.658736434628463 2 1 2 0.377213019036854 1.17416472340591 -1.96432504306899
1353 NA12489 -0.259445465755815 0.307904472410235 -0.412326372397456 2 2 0 0.275404100133663 -0.936528254034281 -0.206731698825988
1353 NA12546 1.73859356622815 1.41571948954224 0.327050679149899 1 1 1 0.897782324755014 -0.44250007764975 -1.96073014834101
1354 NA12399 -0.526179103688659 -1.90721853831174 0.509791239300093 1 2 1 -0.0467661875815529 -1.06481671695831 1.00220991852986
1354 NA12400 -0.931398826525953 -0.211706666617622 -0.234671467830916 2 2 2 1.52488539881489 -0.523190814946645 -0.307884348000964
1355 NA12414 -0.34119340889168 0.753971651250081 -0.792002596028313 2 0 0 1.26810843415627 1.28084904488205 0.209861509048955
1358 NA12716 -1.58202643863281 0.317242692736168 -0.269395736753006 1 3 2 -1.3669592208913 -1.00425255004485 -1.87090565724217
1358 NA12717 -0.55109227968734 -0.0452463442789815 -0.644416410376649 2 3 1 -1.63983558578977 1.55523690096108 -0.0618637677499543
1358 NA12718 -1.09044322318085 -0.193620034914516 -0.988233895420909 2 1 2 0.571195011681503 0.354088122603455 1.42935546025386
1362 NA11992 -0.248153462992778 1.13232927900773 0.31530670725156 1 0 0 -1.05752652313152 -0.111660939378185 0.16195699214015
1362 NA11994 -1.68380933883207 -0.663582322098468 0.292505032801186 1 3 0 0.408482396759373 1.09513766784813 -0.294780148966804
1362 NA11995 -1.37745691892665 1.34249545375586 0.324067400447299 2 2 1 -0.378232771672628 -0.416947235059728 -0.731978300631182
1375 NA12234 -0.816524645090676 -1.39934771051057 0.146300849894846 2 1 1 -0.212862445156032 -0.522331413804724 0.271117941495945
1377 NA11892 -0.862841033857117 -1.66077154399381 0.574751825812846 2 3 2 2.20164401370373 -2.00804180574029 1.25637186856291
1377 NA11893 -0.722663885906181 -1.30063045424768 0.449896767409453 1 3 0 0.237847709597797 -0.338416431327737 0.993532502145841
1377 NA11894 -0.688147603948769 -1.23580094095628 -1.36676177027549 2 1 0 0.27379108042462 -0.780309482002863 -1.2905223472726
1408 NA12154 -0.389165106244551 0.650854851751801 0.905765594805512 1 2 0 0.357438587340612 -0.616611875871679 1.21426971958984
1408 NA12155 -0.251723867860295 -0.81799493174224 2.61661855535904 1 1 1 1.48267459682405 -0.566570613385461 1.78529000222484
1408 NA12156 -1.00614233455719 0.531975142299713 -0.265964266557687 2 1 2 -0.454713556782043 -0.231954372538693 -0.571686287347481
1416 NA12249 -1.08930695682463 -0.470481213882411 0.00605476677910253 2 1 1 -2.03404386667014 -1.42849551558457 0.967448125011642
1418 NA12272 1.27014548008649 0.417801152262577 -0.32771066902686 1 1 1 -0.285863005499297 -0.23642579475559 0.976382307665403
1418 NA12273 -0.698940822756387 -0.0502616288307013 -0.191611826153023 2 2 1 0.0331227173234832 0.0260791770529114 0.965507583843347
1418 NA12275 1.2332828138814 -0.0733190094314694 1.46264895482786 2 1 1 0.699747012330951 0.724638765157833 1.19001919808412
1420 NA12003 -0.329170254772119 -0.463914041554826 0.468086515269926 1 1 0 -0.311190967168557 -0.84412626080273 0.242852587785611
1420 NA12004 0.920677387430368 2.60512081393673 0.69067610521429 2 2 0 2.12062358804495 -1.14398539530341 0.0307264780998836
1420 NA12005 -1.8702557119931 1.38833957764861 0.5923623668086 1 0 0 0.579193144504986 1.69657982564287 -0.267014257119595
1420 NA12006 -0.182504273690756 0.226179285301487 0.440100567675935 2 1 0 1.70053295398234 2.24129343164155 -0.407369212380997
1421 NA12286 -2.34187574558984 -1.54991911823071 -0.217520116699145 1 2 1 -0.241829152159431 -0.797394721337213 -0.0466050220762414
1421 NA12287 -1.5957618376475 -0.337648029209322 0.849169253625855 2 2 1 -0.454039054166348 -1.21512951128671 -0.517670044913564
1421a NA12282 0.981771311854415 -0.790254163234961 -1.25220154954361 1 0 1 -0.499457096291763 1.54992456975916 0.544456648370324
1421a NA12283 -1.10049299820733 2.5496185124528 -0.164578610921298 2 2 1 -0.960798473151907 0.314183634923739 -0.377397392455474
1423 NA11918 -0.671179701525288 1.00403266871145 0.291893092127958 2 0 0 -1.55311594152296 0.543444768821632 -0.229355850791557
1423 NA11919 0.718607028521517 0.174061459710618 -0.895916027272983 1 2 0 0.807395710347494 -1.29609405986133 0.459036066785355
1423 NA11920 -0.439401775541658 0.677627203018942 -0.391325490563066 2 2 1 0.478276783030846 -1.07065737940427 -1.22504964610736
1424 NA11930 1.64347529289026 -1.64552944105725 1.23771314003261 1 3 0 0.317694138565453 -1.03133539996982 0.196758612692981
1424 NA11931 1.12060373069093 1.07713324896762 -0.583004442269781 2 2 1 1.1883842704701 -2.27385765330489 0.405390749579539
1424a NA11932 1.74593061866004 -1.6646725056345 -0.269722692824893 1 1 0 -0.305743506370066 -0.483814380293429 0.497174208435354
1424a NA11933 -0.557818567459607 0.591625006855135 0.271457534115007 2 2 0 -2.31375337918993 0.273115976385404 0.975708753535796
1444 NA12748 -0.129200417841772 -0.578696104637535 -0.630269203776792 1 1 1 0.237094141626007 -1.73289893976283 -1.14621905830746
1444 NA12749 1.61445794003975 0.00717162414634272 -1.12594089641807 2 1 1 -1.31747344990418 0.732761682763802 -0.800923032601818
1444 NA12750 1.43891227461128 0.660596677862423 0.789700051632129 1 1 1 1.80472679840901 -0.579096201885352 0.298709950373462
1444 NA12751 0.00325927953798263 -1.05373323288531 0.32918063578639 2 0 0 0.00751206318388899 -1.0751029103826 1.10709631757696
1447 NA12760 1.11560550597246 0.142381520849122 0.6251170231932 1 3 0 -1.67706088931992 -1.3038513284128 0.861632723197919
1447 NA12761 1.60207495480456 -0.975611647045295 -0.705387220866571 2 2 1 0.234326024860057 1.36328680236913 0.850833136877348
1447 NA12762 -1.03246586692075 -0.73547177975263 0.584970433639548 1 0 1 -1.4257819524139 0.289366907538096 -0.173566074402639
1447 NA12763 0.0391209450394443 -2.41538495127407 0.151745555412935 2 0 2 -0.123367351569583 -0.641045549681265 -1.15234441701666
1451 NA12775 1.07498835019522 -0.195271136585121 1.80219174138471 1 2 0 1.02899416724097 -0.641813052697313 -0.429811052816849
1451 NA12776 0.967503471770519 0.347490115905411 1.7834562196911 2 1 0 0.978791881323952 0.788489618197334 -2.53060587456983
1451 NA12777 -1.21996606190672 1.14556633829021 1.6247734645343 1 1 0 -0.661722485959353 0.665519359964302 1.63539155627669
1451 NA12778 0.150616620233953 0.610339696842776 -0.131269622618377 2 1 2 1.22167040206048 -0.756613261204014 1.27813438412322
1454 NA12814 -1.47335358624911 -0.191468919285345 0.623864180998262 1 3 0 1.37423314836677 -0.250815521532145 0.299483962861156
1454 NA12815 0.23027273584343 0.085166509226497 -1.05431068996015 2 4 1 -3.00283133984007 0.739419247285247 -0.981452132849391
1456 NA12827 -2.17245054024062 0.809032296609764 -0.140068537229726 1 2 1 0.0351280765845596 -1.53319263128387 0.236577961384583
1456 NA12828 0.189980343262056 -0.543089611550155 -0.136566320429154 2 2 2 1.37148489347311 0.542697636928738 0.0416639097464627
1456 NA12829 -1.00530621497842 -0.272532235513193 0.269886864105588 1 1 1 1.10731787481305 -0.710041559698308 0.270428334588232
1456 NA12830 0.0609993345973887 -0.171035549726589 1.12833996318936 2 2 1 1.4225805107334 0.677151907980829 0.527323077959892
1458 NA12842 0.63835806688575 1.54319638164939 -1.04754427026583 1 2 2 -0.0379101287061171 1.14731669513796 -0.748489480694489
1458 NA12843 -0.150533960819609 0.990766204539867 -0.149341334056344 2 1 0 0.506697318764118 -0.0934862724611649 -0.468606764100329
1459 NA12872 1.15953857788216 1.05148701073989 1.56226116495675 1 2 0 1.61755716774408 0.314817664860686 -0.658423783947953
1459 NA12873 1.92047809293278 -0.585801046117436 0.0703717167117543 2 2 1 -1.10821490784831 -0.678277744216451 -0.0493319906151011
1459 NA12874 -0.396278582109503 -0.520566525958124 1.03594337994941 1 1 2 -0.857645521403315 0.0463942339147456 0.136747233919116
1463 NA12889 0.336592858289842 -0.247587296343509 0.607656822056301 1 0 1 0.0108842819706916 0.234413521991907 -0.187684281802023
1463 NA12890 -0.371495999841638 0.0619628387397293 -0.187464122966853 2 1 1 -0.514399141567863 -0.00946359458008457 -0.265073895741964
CEU1 NA06986 -0.628818624484833 0.609205936604547 -2.21202255508125 1 2 2 2.72555527842742 -0.179039226829878 -0.306810153228262
CEU1 NA12812 -0.00806980415920904 -2.03685454381613 -0.105654935127199 1 1 0 -0.439077928597288 0.221396604179467 -1.00591931592276
GBR003 HG00158 1.05708623842866 1.55354982268587 -0.512458038000991 2 1 0 0.284060066772675 -1.00260173773582 0.191002490107563
HG00096 HG00096 1.00879165413448 0.897955896238321 -1.63587868372555 1 1 0 -1.33578813987711 -2.14560520945194 1.07876842980109
HG00097 HG00097 -2.38116503650641 0.349544591954505 -0.615067046466359 2 3 1 -1.55355424717901 0.632767219600449 0.956882720799928
HG00099 HG00099 -0.330653838984431 0.0592216168859937 0.392854784598935 2 3 1 -0.864900266251553 -0.619634747098497 -0.11245987261676
HG00100 HG00100 0.862334993317834 -0.651635522935663 0.264108153424415 2 2 1 0.663028415214684 1.46431456198748 0.0335819912908125
HG00101 HG00101 1.08856881288326 -2.29874223589966 0.735883435546556 1 3 0 0.597121977414118 0.289789805864519 -0.388595752908391
HG00102 HG00102 0.568074770154826 0.746529420380782 1.28823354244341 2 2 0 -0.709463788427565 0.665456520639475 0.971176374569093
HG00103 HG00103 0.711681774157022 0.381867841975437 0.200680909441399 1 2 0 0.0373456288160979 -1.07952856711383 0.687298325878229
HG00105 HG00105 0.274380085752734 -1.09073734517574 -0.193338751987267 1 2 1 -0.279996458986121 0.575491493955796 0.167335320843154
HG00106 HG00106 -0.44382661998143 -1.25917537223192 0.35261949941826 2 2 1 -0.478319770926618 -1.81053801622656 0.0707345351726704
HG00107 HG00107 -1.25800711785085 -1.32974555976548 -1.82826864125063 1 2 0 1.61584982285983 -0.521277213523068 -0.491189448348459
HG00108 HG00108 0.347124526296822 -3.27840918426843 -0.239107179923087 1 3 1 -0.668313736365197 0.0724386223964048 0.449393448230867
HG00109 HG00109 -0.634352943932269 -0.126675502128451 0.397007328603773 1 1 1 0.908000510191267 -2.33954088059908 -0.740152973415346
HG00110 HG00110 0.190603177905563 0.098002914640142 -0.903356009234526 2 0 1 -0.204133324930519 -0.338606196630022 -1.61505875548452
HG00111 HG00111 -1.42967394759952 0.0841000671700996 1.38128144086831 2 2 1 1.11330043200047 -1.47930905361767 -1.52624775788529
HG00112 HG00112 -2.42322918965664 0.257559184520467 1.9460727509596 1 1 1 -0.375670337908003 0.705598183856517 -0.202573599053106
HG00113 HG00113 1.79219973647025 0.353890729592231 0.286160639967984 1 1 1 -1.89146927176612 -0.765828185892916 1.16841309016483
HG00114 HG00114 1.29021529388087 0.840337478653277 -1.14340638932873 1 1 1 -1.47062477533746 1.3021776296436 0.448666792094358
HG00115 HG00115 1.20306047110499 1.39221171049712 -0.347759199748271 1 1 2 1.31796902478536 1.16378889461085 1.58066659754354
HG00116 HG00116 -0.268692584028354 -0.404484009342369 -0.322635057863984 1 1 0 0.710048814333638 1.55997520004699 -0.345488138180226
HG00117 HG00117 -0.510582954108372 2.1137817901974 0.463751769704374 1 1 1 -0.333782829388426 -1.95699981905651 -0.570207160391872
HG00118 HG00118 -0.731798033121715 -2.74083173153536 0.441917190783956 2 1 0 -0.268362062856188 0.510546148693293 -0.398537442940159
HG00119 HG00119 0.343507466558312 0.607139140997749 -0.353726725395309 1 0 1 0.947589632145825 -1.11538156387595 1.09028298273022
HG00121 HG00121 0.98019800884106 0.0548256699808475 0.205504401326513 2 2 1 -0.0150143191038517 0.963849322411518 -0.680202387316005
HG00122 HG00122 -0.849005613308041 0.583229113560795 -0.358816214478094 2 1 1 -0.419899613100635 -1.72020827939288 -1.41211932611355
HG00123 HG00123 -0.648146875775548 -1.15082777158302 -0.0438200901718789 2 1 1 0.620088630573689 0.534687742589903 -0.296678351728552
HG00125 HG00125 0.69296981105346 -0.678353653757585 -0.0872231601260522 2 2 2 -0.931959090070063 1.07899515895716 -0.217105638034786
HG00126 HG00126 0.225111479686595 -0.431496285844667 -0.70459059748607 1 2 1 0.22250635387022 -0.251079956141539 0.61326653939086
HG00127 HG00127 -1.18799086965403 -0.463389221334996 0.348549014063681 2 0 1 0.317159470859814 1.47548705225812 1.462762683353
HG00128 HG00128 1.17240370771642 -0.487012942261997 1.66185962544502 2 2 0 1.54253159017226 -0.70161122964601 0.636486963504311
HG00129 HG00129 0.530783134204774 0.826265109989665 -0.164164981423318 1 0 1 -0.717849409404949 2.92866259101942 0.65872785620959
HG00130 HG00130 0.788722200531358 0.673274285467341 1.64160567388404 2 1 0 0.119223054169167 -1.23259507328668 1.7532590509484
HG00131 HG00131 0.836008021974336 1.12623722099163 -0.117109074922887 1 2 1 1.07918210195452 0.810246495711537 1.12729541379059
HG00132 HG00132 1.17337849222353 -0.386502900341869 1.90747544808475 2 0 1 1.01806794609152 -0.109053669733338 0.659618329744451
HG00133 HG00133 0.750267321717656 0.387030499624712 -1.68725882606046 2 2 0 0.0237621590451067 -1.6064203857777 1.13219282619443
HG00136 HG00136 -0.391342647357727 1.80376423870875 -0.0880124686801122 1 4 2 -1.91456042081787 1.21436661420802 0.432038910975526
HG00137 HG00137 -0.0788483855822067 0.568120608756876 -0.266256016664805 2 3 1 0.346631007401816 0.886123382870554 -0.549541792932021
HG00138 HG00138 1.35006376059022 0.781770357182187 -0.138471895440115 1 1 0 -0.122484600410241 1.07224873548353 0.426526564889464
HG00139 HG00139 0.610607993261157 -1.44455807804145 0.224872193813072 1 2 0 -1.72587590497583 0.0484736018987753 -0.276131360681814
HG00140 HG00140 0.661396091012403 0.790697396497486 -0.535333880400069 1 3 1 -1.46416270045197 -0.473048419772598 0.689018899514153
HG00141 HG00141 0.00365269936159535 -0.781611933675366 0.653751145155092 1 4 0 -1.03457388642994 -0.252872893859407 -0.261077328464811
HG00143 HG00143 1.27952310195088 0.296280583327964 1.22929562591495 1 3 1 -0.290566540640946 -0.325772365078629 -2.20073416214139
HG00145 HG00145 -0.134023817537608 -0.278961093133539 1.79599834879134 1 1 2 -1.17176851029572 -0.0605223133423893 -2.15307726086799
HG00148 HG00148 0.0872634468598861 -0.607161102349077 -0.378761066232961 1 1 1 0.379777397592757 1.60950464134374 -1.44517902682626
HG00149 HG00149 0.919801608343589 -0.315636223011232 -1.02414353387979 1 0 1 0.441568545887598 0.60594917855797 1.68834767023103
HG00150 HG00150 1.16898867300951 0.153320249497121 0.0962177708042355 2 2 0 0.0152879516758131 0.416800230299027 -0.332818026886106
HG00151 HG00151 2.02701686391749 -0.92020701189032 0.930043605081645 1 3 2 -0.256995904360447 0.277330263234179 -0.292698415830612
HG00157 HG00157 0.771819566601454 1.28148815169677 -1.12836916651292 1 2 1 -0.945534279828157 2.55678217062075 -0.409298218971024
HG00159 HG00159 -0.208491487897243 1.99135079094428 0.617863998581889 1 0 1 0.2429257220748 0.335681300968969 0.329987701194827
HG00160 HG00160 -0.165281841466255 -1.95093863103041 0.168990183759274 1 2 0 -0.386469846176248 -0.243459505700441 0.748260976956724
HG00171 HG00171 1.36707926473072 -0.437453456457215 -0.415474086728981 2 0 0 1.71964149879357 -0.179077074905132 1.40115980722923
HG00173 HG00173 1.25725464093137 -1.76764843975368 -0.575634863835125 2 3 1 0.222823541138759 0.486808911806107 -0.794917077713644
HG00174 HG00174 -0.547888905922519 -1.79213997157967 2.72696110397805 2 2 1 1.26536821665372 0.927360127842757 -1.084297805245
HG00176 HG00176 -0.454878117214586 2.13676322805747 0.39733453814922 2 0 1 -0.88845251495804 -0.536793206657313 -0.248002689303281
HG00177 HG00177 1.71630750119252 -0.498311565728663 -0.0051409875360602 2 3 0 -1.16580700994607 -0.795685994238984 -0.37294145193145
HG00178 HG00178 -1.48533441784901 0.527734248138901 0.194323148957811 2 2 1 -1.98086521496017 -0.947247695036371 0.381942285924782
HG00179 HG00179 -1.20664704726368 2.24703317120804 -0.806606629154233 2 3 1 -0.0568749347085792 0.364553120429259 -1.85669826998233
HG00180 HG00180 0.93064412384461 1.59467151401062 -0.789989656926122 2 1 1 -0.769328295979911 -0.210703317156099 -0.181277847695924
HG00181 HG00181 -1.0221326004952 -0.259319322772151 0.539506712613226 1 0 0 -0.442425079171645 0.200463603036346 1.99234673243633
HG00182 HG00182 1.67189567924508 0.864925761011888 0.417421567980518 1 1 1 0.160882716952681 1.84654518087458 -1.84199214732374
HG00183 HG00183 0.105847966178108 -0.254567598517069 0.183259999017781 1 1 1 -0.597590656595481 1.56675265734757 0.645337343671264
HG00185 HG00185 -0.917619525041671 -0.0874638600943378 -2.02494921222744 1 2 1 -0.751317912354053 -0.566530514521781 1.02202272484288
HG00186 HG00186 -1.24614778397498 -0.716994219059756 -0.268917439059277 1 2 1 -0.0693317535668769 -1.26131827080852 -0.36540229191542
HG00187 HG00187 0.0824963182886623 0.217246746957754 2.7600426571788 1 1 1 -0.42151338677413 -0.583110551702053 0.00165820970756653
HG00188 HG00188 -0.0757767350582537 0.628010689279989 -0.956205397394499 1 0 0 -0.822203594276905 -1.12455333296974 -0.570519086928572
HG00189 HG00189 -1.63205989895797 1.19303871981476 0.221306196980668 1 3 0 -0.264850820864692 0.168509408749338 0.130445450467125
HG00190 HG00190 1.04819849293714 -0.461532859820377 1.62475970489854 1 0 2 -0.47010526109635 -0.404586217700316 0.43434170564764
HG00231 HG00231 -2.78085109557674 2.23649097984276 0.780871136223278 2 3 0 -1.14109025035786 0.284566557768375 -0.2534576845687
HG00232 HG00232 -0.143879482978641 -0.129386132287817 0.400340605857191 2 0 0 -0.60330109215021 -0.465468574698504 -0.0879835827602017
HG00233 HG00233 1.27064550833054 0.562196918803235 0.751126336013454 2 2 2 1.30548115570358 0.514706774914601 0.499497105661397
HG00234 HG00234 -1.58475904073276 -0.631789791019489 -2.98950505175672 1 1 1 -0.338368243616452 -1.39528001304362 1.28440407277663
HG00235 HG00235 1.14966370643278 -1.27582637971702 -0.651544765822602 2 1 2 0.480281569157593 0.827781241883788 0.412528048905372
HG00236 HG00236 0.465763205037198 -0.38570430738773 -0.0308249953625271 2 1 0 0.30696983111576 -0.014915394671343 -0.235709204870329
HG00237 HG00237 0.306872802601138 -1.79930448067197 -0.270691231711733 2 2 1 -1.07164711301324 -0.489345116366384 0.188786239632858
HG00238 HG00238 1.79116811171033 -0.640880948662228 0.25118700820158 2 1 1 -0.810445885304759 -1.30226786978519 -0.581051931133552
HG00239 HG00239 2.61481596132441 -0.0979058925146471 0.317887093282757 2 3 1 1.31895621831625 -0.538571838287107 0.0569680399983835
HG00242 HG00242 -0.164551371351065 0.640689878966106 -0.989079303250654 1 0 1 -0.368548354618927 -1.82940962513407 -0.0526139454983421
HG00243 HG00243 0.931885870747475 -0.229275085815668 0.0959347485265626 1 3 1 0.385012752114103 0.199098504648483 -0.229316597401489
HG00244 HG00244 -0.291523298393545 -0.170265865982734 -0.823046537860508 1 2 0 -0.756000455143268 -0.812545592906078 0.884300299510891
HG00245 HG00245 -1.82200283188635 0.126645390961934 -1.0745274081639 2 1 1 -1.03540150560382 -0.530244850412197 -1.57581523964151
HG00250 HG00250 1.02031746824742 2.00003042603878 2.5863842045867 2 0 2 -0.334714144986812 -2.17181887156038 1.45068679679248
HG00251 HG00251 -0.931264293623776 -0.0409404526945289 -0.387867625889795 1 2 2 -2.49432133354321 -0.200757504744259 0.698328702579383
HG00252 HG00252 0.730500343396204 1.48730853944187 -1.20500340344552 1 4 2 0.852942505085985 -0.256515704312958 -0.363069472108816
HG00253 HG00253 -0.699677812590869 -0.457415250814736 -0.832479279503211 2 0 0 -0.0855085678634371 0.437716515161372 -0.685468831235114
HG00254 HG00254 0.517054935328767 -1.11075425618964 0.476446797590401 2 3 0 -2.48089806551836 -0.309665853360144 0.735817226818302
HG00255 HG00255 0.602188000657154 -1.14355634610094 0.444793644677485 2 3 1 0.812568046512605 -0.744897554914757 0.552046750220949
HG00256 HG00256 -0.0646053915993735 -1.65294050023866 -1.41338999074709 1 3 1 1.3979667761125 0.530957745178103 -0.215555921852645
HG00257 HG00257 0.229334809624637 -0.654114170846955 0.155570839770401 2 2 0 0.37602849329574 -1.50915402212429 0.935158450838111
HG00258 HG00258 0.77553754301948 0.427720340367535 -0.00393583127332036 2 4 1 -1.12836982198654 -0.374142128945436 0.98964388454869
HG00259 HG00259 -0.496370723179681 1.13621347515119 -1.95358187595213 2 0 1 0.19511720481778 -0.36084886086496 0.854696876041572
HG00260 HG00260 -1.44318645944248 -0.765848208779472 0.578570597316613 1 1 1 -0.103993768902348 1.28124187287344 1.15478071769576
HG00261 HG00261 -0.0191174466548413 0.40476075524636 2.00596087960952 2 2 0 -1.50525492242234 0.548270610045654 -1.14943166338733
HG00262 HG00262 -0.969259625925517 0.96222363400612 -0.558962987146141 2 4 1 1.87211355845009 -0.905904243837469 -1.40991763556677
HG00263 HG00263 2.10768057866417 1.02444952246789 -0.22134381856643 2 1 0 -0.161160306333911 -0.30880295002736 0.295772712847489
HG00264 HG00264 0.409080804783017 0.620177874434819 0.41374757377971 1 1 1 0.682791987107674 0.156443381675124 1.3654669674785
HG00265 HG00265 0.219075417368182 -1.88977388931351 -0.228979560658914 1 2 1 2.18723522933905 1.02407824312826 0.0361151916566748
HG00266 HG00266 -0.194312840344059 0.151928490671612 -0.203314880011923 2 2 0 0.404772815478924 -0.347707385721166 -0.564902208111153
HG00267 HG00267 -1.6854561795348 -1.25269637481505 -1.35221768074595 1 2 0 0.898164947313394 1.46058700397655 -0.985266304379049
HG00268 HG00268 0.146844473973762 -0.244980403805593 2.78322782385005 2 1 1 1.53112007349792 1.39826783390077 0.551639625320419
HG00269 HG00269 -0.447061375200852 -0.549365373427003 -1.55549886921135 2 3 0 -1.61140105162926 -0.986351873770339 0.087274209251084
HG00271 HG00271 -0.800251273578279 -0.130286565969696 0.303669367725842 1 0 0 -0.715641453966628 1.9926935801668 1.08154308311841
HG00272 HG00272 -0.529614906147199 0.867044366247573 -1.54010643306947 2 3 1 1.54457010470701 -1.35551095802129 1.01677642067108
HG00273 HG00273 -0.241107212852763 -0.345746510005523 -1.05942476502832 1 0 1 -0.465727802204031 1.21907545533057 -0.670993945953414
HG00274 HG00274 0.875145576740132 -2.08645612486186 0.710601988456416 2 2 1 1.27028920241579 1.62816699203615 1.25899808973368
HG00275 HG00275 1.68597261752625 0.861447254018768 -0.418421028840721 2 2 1 1.12218841529569 -0.620026981364878 -1.47282425192762
HG00276 HG00276 0.386525259800099 0.13458600108487 0.619117035929202 2 0 1 -0.470700454257449 1.045483235832 -1.64935416821668
HG00277 HG00277 2.47889034343076 1.45840413301716 1.1295454538004 1 0 1 -0.625359840400338 0.162216450448604 0.565971858751565
HG00278 HG00278 -0.00539019486729192 -0.518664615503738 -0.22206677329662 1 0 1 -0.881277913533895 0.718682982835387 0.021241898077441
HG00280 HG00280 -1.25735785261922 0.00637230199559261 -0.69096014086739 1 3 0 0.239560069757323 0.505791432992225 0.0799104882035287
HG00281 HG00281 -0.113408370274799 0.428830198472685 -0.858337799029537 2 3 2 0.282260387544989 0.26944066243041 0.660550621078052
HG00282 HG00282 0.145853655981697 -1.56454239131467 -0.0915007703101832 2 2 2 0.486611363449005 1.02819285598782 0.55930774484337
HG00284 HG00284 -0.158500223881802 1.28421939745943 -0.725136231856475 1 1 2 0.0138067098294837 -0.743847670330688 1.00402028963937
HG00285 HG00285 0.149578673144233 -0.587302734936717 -1.18749585707548 2 2 1 1.71503313382402 -1.17517963878791 -1.4787474795025
HG00306 HG00306 0.531839983911395 0.48968335782471 0.165601459249779 2 2 1 -0.449056733092431 0.961980260028626 -0.62892593506091
HG00308 HG00308 1.60225058939647 1.52357672687984 -1.6484091431538 1 3 1 -0.763581539763132 -0.707996823081015 1.05952570549465
HG00309 HG00309 -0.690487935670591 1.80734895773778 -0.620452406634821 2 1 0 0.0395823327729835 0.076042617556199 -0.355422241640585
HG00310 HG00310 -1.33205988887625 1.3719365546489 0.689608559932621 1 0 0 -1.33326318634113 -0.6528629764701 -0.358844177507002
HG00311 HG00311 1.33692599409583 0.0392212703295686 -2.31280035230186 1 1 0 0.87724661251388 -0.541745907435886 -0.856514898251717
HG00313 HG00313 0.159195984842272 -0.112934074804101 0.8187255051718 2 2 0 0.172324592281254 0.0807489129645324 0.907765243384337
HG00315 HG00315 -0.100678280264673 0.64850589410693 -0.874957204638171 2 2 2 -0.424646081261121 -1.64003282819592 -0.879686060149572
HG00318 HG00318 0.826672307100983 0.537769802744456 -1.17203307549824 2 3 1 1.16126182202732 -0.428847215194606 0.353499329015879
HG00319 HG00319 0.226286219087579 1.11799936316823 0.923540115262795 2 2 1 -0.2661266031754 -1.59930825560464 0.0106645891861781
HG00320 HG00320 1.13103862006808 1.53644037458832 -0.650799072248116 2 1 1 -1.45879301649908 0.168885072635316 0.340355411991768
HG00321 HG00321 -0.277369074232603 0.795055996250648 0.084575051010315 1 2 1 0.0427849688395252 0.421800567868683 1.30646141370903
HG00323 HG00323 -0.103670323598359 -0.128319691416166 0.10881446865347 2 1 1 -1.52275535124865 -0.527966075376957 1.14816418394626
HG00324 HG00324 1.14711322937075 -0.147506276758902 -0.700925857510205 2 1 0 0.897778069432502 -0.888614524295791 0.100186227534118
HG00325 HG00325 -0.468172526815318 1.11383776639326 -0.473731794010274 1 1 0 0.343146213739974 -0.0224623570205062 0.864651791402009
HG00326 HG00326 1.43017892150966 -0.199636765973309 0.0458222612863612 2 1 1 1.06874862143291 -1.00116886918849 0.11802928684758
HG00327 HG00327 0.3975297211752 -1.9199355934579 -0.602505619573372 2 1 1 1.90646371061988 1.57445152900317 0.722553414963912
HG00328 HG00328 1.28441244109496 -0.7471775596004 -0.028072898050411 2 3 0 -2.02946758876739 0.0639072808600476 0.476761858740046
HG00329 HG00329 0.96168123200747 -1.49915271541951 1.47982218884298 1 4 0 0.421700453038419 2.75517093243076 0.464016636107052
HG00330 HG00330 -0.0986079917824076 -0.207462385026418 0.741334529488208 2 1 0 0.0200469295125738 -1.51413554022488 0.700549649815351
HG00331 HG00331 0.0342336124138305 1.2463795384051 0.459628072059167 2 3 1 -1.60540951464034 -0.198172290487037 0.904848141882961
HG00332 HG00332 -0.614536546858283 1.44371048539022 -0.891208745816141 2 1 1 -2.1766306979003 0.104859642639045 0.516663537090104
HG00334 HG00334 -1.6826954681708 -0.973877760395332 0.809303655595351 2 2 0 0.14267763289874 -0.00114639356871231 2.0348901657277
HG00335 HG00335 -0.249792350481375 -1.75140730854166 1.87548242480827 1 1 1 0.0601807942720572 1.08314241470137 0.763426069461166
HG00336 HG00336 0.572968692958343 -0.0334202766107018 -0.781304376420297 1 1 1 -0.435551252790633 1.10616660643262 -0.509974318492385
HG00337 HG00337 -1.35519694496143 -0.287850682847369 -0.185456125564615 2 0 1 -0.908955449543891 -1.20578090203385 0.91928491518119
HG00338 HG00338 0.925010541080887 0.164603520049406 -1.69266903354714 1 0 0 0.745888429023516 -0.653300327341073 -0.436560727358592
HG00339 HG00339 0.651304345443646 0.158411133059337 0.296360865890306 2 1 1 -0.946426458172375 -0.970919064613831 1.49754945759762
HG00341 HG00341 0.217699044816856 0.448252013423741 -1.45417992744968 1 2 0 1.13790353993961 0.816631220555124 -0.818656697898963
HG00342 HG00342 0.284753997366072 0.525197470963311 0.939772979518222 1 3 0 -0.477827760321489 -0.0305561896802772 -0.894360041119935
HG00343 HG00343 0.0575699387550231 0.38048174128219 -0.661379861472657 2 3 1 -1.40739989656064 0.817970654445722 -0.276226077456007
HG00344 HG00344 -0.369445284142245 1.42195105207015 1.74523117762771 2 3 1 0.21141110641557 0.336619214899998 1.79618470429775
HG00345 HG00345 0.602909841812383 -0.587682510510488 -1.01136244573018 1 2 0 0.893032037851105 -0.491672347986004 -0.456480520347273
HG00346 HG00346 0.0873354844302261 -0.46597402821634 0.509787561591562 2 2 1 0.278394450830652 -0.626158183639376 1.00575341325399
HG00349 HG00349 -2.14882315793656 -1.42749500238443 1.72675787765352 2 2 0 0.772618942002399 -1.71418554102605 -1.36599211222298
HG00350 HG00350 0.905149839394072 -0.335415407538267 -0.593382701959841 2 1 1 -0.48056001174132 -0.0433546716015137 -0.184233214897935
HG00351 HG00351 0.203702718015628 0.314021932387255 1.11263966117648 1 3 0 -1.17362804464751 -0.477818252459342 -0.239446603563285
HG00353 HG00353 0.748591823460227 0.651662421325558 -0.404771309859489 2 0 0 2.31868043902676 -2.08209704745189 -0.734768033640263
HG00355 HG00355 0.204727906686303 0.364251480739485 0.711024362485304 2 2 1 -0.345014381060499 1.55608619499755 -1.32991055836419
HG00356 HG00356 -0.962220182226041 -0.0863397781354734 0.636445390742672 2 1 0 0.0695355190476606 -0.338077723215585 -0.225086531653958
HG00357 HG00357 1.96405417824157 0.805791207725479 -0.96986773903024 2 1 2 -1.06782332704983 0.776088137060331 0.340785568796653
HG00358 HG00358 -1.28984115106059 -0.947780270481571 0.637756641195196 1 2 1 -0.141329581324656 -2.77761840606693 -0.387676564302778
HG00360 HG00360 -0.823054760545152 0.571038380882188 0.776781587510958 1 2 2 -0.0678551510749588 -0.445850383994127 -0.187449267763071
HG00362 HG00362 1.31257511775459 0.471238468079267 0.740432320429878 2 2 0 -0.757191054821282 -0.894919042760134 1.3461949173429
HG00364 HG00364 0.669437326995899 0.797329996439237 1.64489257113967 2 2 0 -0.416990855316142 1.35321383884346 -0.342615275311366
HG00365 HG00365 0.0703090167210662 -0.760213682663291 -0.264579040173669 2 0 2 -0.0661859191618045 -0.633150169381793 1.40735688360379
HG00366 HG00366 0.00140624235358256 0.0973098313010411 1.40478465904013 1 1 0 -0.110033083030555 2.26000841071888 -0.0329514919966905
HG00367 HG00367 -0.466749866606939 0.387932724884682 -0.761903234619337 2 0 1 -1.44121252246868 0.379434379942392 -0.797933007430994
HG00368 HG00368 2.10755881296649 -0.339132741723969 0.52031407489498 2 0 1 -0.467056256205066 -0.16577342128671 -0.600656944619175
HG00369 HG00369 0.0997252911640081 -0.568039085218994 0.380164136944164 1 1 0 0.873921517388515 0.183507897570759 -1.86971084669629
HG00371 HG00371 1.33198874391547 0.0353872288113961 -0.264906161444993 1 1 1 0.376959592844199 0.699608120507385 -1.27455136329997
HG00372 HG00372 -0.83436247921677 -1.50296565416439 2.3005770506813 1 3 2 0.526564880547616 -1.53882059774557 -0.334203333171455
HG00373 HG00373 -0.827605480963494 0.291603223347659 0.720634174574735 2 1 1 0.590829475173924 -0.202870207930297 -0.409663600390177
HG00375 HG00375 -1.79539668596164 0.354464499042368 0.309918744101224 1 3 0 -0.186454714909023 -0.370356876618188 0.448683708445367
HG00376 HG00376 -0.00521709554374153 -0.371351316905627 -0.0746183246698947 2 0 1 -0.818687083586523 -1.16029187206325 -0.431370702729966
HG00378 HG00378 -0.411889948807658 -0.774976021098406 0.229042368353428 2 1 2 -0.224611021672745 -0.865462758207998 0.407169620899762
HG00379 HG00379 -0.816649051435752 1.68595063109968 0.942589200711967 2 4 1 -0.201109814554028 -1.48479603701136 1.00162806753781
HG00380 HG00380 0.399306964365762 0.494836048226897 -1.56386126617883 2 1 1 -0.163910374380222 -0.317579602479995 1.2856291592583
HG00381 HG00381 0.785534207369408 -0.602786153985996 0.34475296115777 2 1 1 -1.10106264657832 -2.10809440919125 -0.172824831117117
HG00382 HG00382 1.40784014837032 -0.220978986988573 -0.800001690682835 1 3 0 0.362177426130789 -0.148848774321893 0.252534646383915
HG00383 HG00383 -1.05356976936907 0.563849819442876 0.341298313995019 2 2 0 -0.377405791982233 1.06665197269222 -1.61767938177296
HG00384 HG00384 1.52069972821047 -1.0596553885373 1.02103995185808 2 2 1 2.6155278351052 -1.76495853716976 -0.837853472237529
HG01334 HG01334 -0.187635975707212 0.628915932891786 -0.425563765999921 1 0 1 -0.902185746097889 -0.717369249245234 -0.0854911131215713
HG01789 HG01789 0.604548737359965 1.31232062915877 0.213659344099045 1 2 0 -0.0666117135893309 2.0975311368245 0.918047014713816
HG01790 HG01790 0.0597118645092975 -0.139258670578396 -0.329804381315948 2 0 1 0.290436821985233 -1.24452973389305 0.0865439319969717
HG01791 HG01791 -1.36328002885842 -1.00052811829094 -1.10200366343995 1 2 1 0.841082582857414 -1.21987968216761 -0.566169391285569
HG02215 HG02215 0.847996373283016 0.817679751362422 0.0830342401191351 2 2 0 1.38788107194306 0.578648097694519 -0.10792359133073
IBS001 HG01500 -1.06427931964544 1.37340525222792 -1.18354478502677 1 2 1 -1.36864324180801 0.504484435360867 -0.39458332233073
IBS001 HG01501 1.0834808719003 0.411378600738897 0.687535850696444 2 2 1 0.476794140175516 -1.59208252288937 0.536085563531277
IBS002 HG01503 -0.867985355929288 0.33817977820655 -0.733539617455011 1 1 1 0.674896151169741 -0.680551193716938 0.0593358159170992
IBS002 HG01504 -0.6692572194768 1.54405812286196 -1.11438470257865 2 0 2 0.210568746247418 1.1247911000103 0.42087705307401
IBS003 HG01506 -1.35413151554771 -0.17504633668736 2.63956865536175 1 0 1 -0.590492725594612 -0.758618690050089 -0.565296746602332
IBS003 HG01507 -0.543845515260735 1.16337930282987 -1.38356421158241 2 0 1 0.646890135216845 -0.56043955151269 0.764644878693417
IBS004 HG01509 -0.615134410319088 0.825832114543908 -0.697668139936373 1 1 0 -0.222131331144731 1.26196423603788 1.68476548817131
IBS004 HG01510 1.43233509772553 -0.0663437100813707 0.286823857359343 2 2 0 0.151584215659665 0.59763030520282 -0.0407504916537643
IBS005 HG01512 1.20584710970153 2.04177190076917 1.30449336248482 1 2 2 1.7439350678501 0.161175610677821 1.30473009981073
IBS005 HG01513 -1.20305814264569 -0.44963971641472 -0.270113302010247 2 3 1 -0.405964152093744 0.49732612730507 -1.13630340032478
IBS006 HG01515 -0.468887832795306 0.781791059665538 1.15917705705708 1 1 0 -1.44259940975962 -1.98250044289647 -0.197162841130235
IBS006 HG01516 -0.0724704884625054 -0.0753107518930668 0.570816512691893 2 3 2 0.540315232069296 0.567841668094777 0.544047897118925
IBS007 HG01518 1.23993005126578 -1.84582477560836 1.12728810514663 1 3 2 0.993881501478692 -0.594482463378415 -0.437923609548572
IBS007 HG01519 -2.29178559366039 1.40345482783614 1.44713432344872 2 0 1 0.645226508769614 -0.211765133264778 -0.544743871899152
IBS008 HG01521 0.882359395862786 -0.875629734889736 -0.674650030329762 1 1 0 0.886566468195098 -0.236356228365554 0.696899927121084
IBS008 HG01522 -0.524884168252443 -1.50334405375857 0.524347802355294 2 1 1 -0.181235779525815 0.98781697790993 0.618280748516554
IBS009 HG01524 0.962775033643497 -0.395132050726603 -2.12117522888996 1 1 1 -1.97382017711237 1.94777074933921 1.06642942270043
IBS009 HG01525 -0.0501706504901624 -0.42966126977733 -0.604507475527823 2 0 1 1.62243233274033 0.734575706619773 -1.07517534324599
IBS010 HG01527 -0.599399664947219 -0.520575701401643 -0.375410777118508 1 3 0 0.095058374815885 0.481809454396882 1.54185323938606
IBS010 HG01528 0.82442747759353 -1.10460741682771 -0.538903300268389 2 1 1 -0.110448053656279 2.88429722360746 0.948787426561461
IBS011 HG01530 -0.42243899495127 2.32458399151879 2.68180211122804 1 1 1 -0.695230267623064 0.525400551116598 1.48602812144476
IBS011 HG01531 0.247508141753521 0.316334510633553 -1.34529743845744 2 1 1 0.223127484851662 0.890192815057573 0.442766301359669
IBS013 HG01536 -1.80528395308411 -0.918674314287086 0.524530145626543 1 1 1 1.57816779759286 -0.307237527145045 0.980639710455475
IBS013 HG01537 1.32790571146271 0.392838079872488 0.0684197740397391 2 3 2 2.06201859259844 0.132304707682917 -0.971285579919274
IBS014 HG01631 0.770135388888727 -0.655891346690858 -0.509134579554039 1 2 1 0.723832061190305 -0.119604797220644 0.112202757073439
IBS014 HG01632 -0.721810373283297 0.693778936704084 0.0251045446961661 2 0 2 2.55228532857096 -1.36112430529148 1.71880191229286
IBS015 HG01628 -1.8392301402409 0.146152315515268 -0.203484497468081 2 0 0 0.464548263084127 -0.335715830330102 1.57494877163005
IBS015 HG01630 2.23625530704691 0.695366614439016 -0.784788271452806 1 1 0 -0.196194897246269 0.125013405847789 0.060334734590286
IBS016 HG01625 1.3485817106553 -1.26663219228781 0.259127222432573 1 2 0 -1.28282430379728 1.32159430934113 -0.96227428557464
IBS016 HG01626 1.11512490546572 1.1523469532237 2.94133044020523 2 1 1 0.329280106985409 0.341551691032821 -0.28445304778816
IBS017 HG01623 -0.982056058795839 0.137072897945963 0.948607835349251 2 2 0 -0.41044611490929 -0.861399342172709 -0.729507734224203
IBS017 HG01624 -0.47130233636773 0.829187923029753 0.748701882520116 1 2 1 -0.902125081746444 -0.0624599573486409 0.397735140976204
IBS018 HG01619 0.907746257081507 0.286129323690069 0.518299455040278 1 3 2 -0.429640078538438 0.311638921804703 -1.31490135588561
IBS018 HG01620 -0.826937058377341 0.0941681241007562 -0.310275128638814 2 1 2 -0.221119488195854 -0.172917997300733 -0.470299818018352
IBS019 HG01617 -0.635284859390083 0.254581889670951 -0.204609528439801 1 0 1 -0.49601293957575 -0.356227389414746 0.249089573382476
IBS019 HG01618 -0.673321014376345 2.05764084747933 1.52857699032733 2 1 0 -0.872393403608183 1.4060337267084 0.655069524848654
IBS020 HG01613 0.247886040609434 2.85526230813745 0.0293003978023916 2 2 0 1.45405573106266 0.13825240070963 -0.0190352066185305
IBS020 HG01615 1.86993062690326 -2.33120970174636 1.08898177891588 1 3 1 0.0228697157707313 0.539284792292977 -0.225771021714713
IBS021 HG01610 0.600842396434076 -1.2456815645828 -1.81528354353286 1 0 1 0.684445784009637 -1.27417456617642 1.47460181368604
IBS021 HG01612 0.0446032611752432 -0.408839004670048 -0.97725887397423 2 0 1 0.459324490975372 -1.18668114305315 -0.272211865950453
IBS022 HG01607 0.88268817132936 0.842094190782966 0.376808157499823 2 1 1 -0.0577170730752877 0.676533714922157 0.468801208837032
IBS022 HG01608 -0.421286657656033 0.443025690813539 1.39434820742918 1 2 0 1.93752084760559 1.85740116885201 0.256794444576218
IBS023 HG01605 -0.250248294388296 -0.00799953508638857 0.156819149085595 2 3 0 -0.120001554598419 1.35968494446885 -0.512608076106065
IBS023 HG01606 0.248410983772849 -0.0776413951007614 -1.72856039726783 1 1 1 1.22604910193461 -0.177718141901063 1.66131178004771
IBS024 HG01602 -0.266401058459158 0.309595443752658 -0.360517645324706 2 2 2 -0.173422354106865 -0.0654336900957255 -1.36465959941869
IBS024 HG01603 1.66101898067469 3.5644198242066 0.726420505270777 1 3 2 0.762794042698012 0.206272101500777 0.451697904814582
IBS025 HG01668 0.181514709430545 -0.0732861127415289 -0.184915359186752 2 0 1 -0.689536038549947 -0.0968647742887039 0.10418861408183
IBS025 HG01669 -0.658578948574308 -0.0686290974799797 0.137315539677267 1 0 1 -1.51906809262794 -0.301079563188494 -0.67595495369695
IBS026 HG01670 1.0743175977929 0.376897311018755 -0.190525889551194 2 2 1 -0.454562818523087 0.827801429677431 -0.572984275921228
IBS026 HG01672 0.320226142001836 -1.17961317492098 0.348715103039195 1 2 1 -0.79241853490272 -1.88706679055994 0.696504585554486
IBS027 HG01673 -0.529774242548872 -2.16990042791867 0.649554795281681 2 0 1 1.1444297419332 0.46949880049991 1.88647058175061
IBS027 HG01675 -0.218530207788528 -0.542580326202385 -0.924093627361264 1 0 0 1.22575747601749 -0.250561116448025 -1.07118789279724
IBS028 HG01676 -0.218699373367449 -1.62843592314172 0.58307589276338 2 1 0 -0.610408696382669 -0.827841930399737 -0.213320618523579
IBS028 HG01678 -0.567883062651758 -0.352442573120092 1.06974556618648 1 0 0 -1.78958645009208 -1.32142356516004 -0.0883036694502895
IBS029 HG01679 0.817647670443612 -0.765485061045439 -0.973416784517257 2 4 1 2.01307392844245 2.57579567433574 -1.053716197623
IBS029 HG01680 0.087496282570004 -0.550814007061345 -0.758877495302943 1 2 1 0.158878038677006 1.280239654557 0.00318935678917072
IBS030 HG01682 0.594287955920493 -0.093855665965331 -0.152230598129366 1 2 2 0.152593894685543 1.38096071618291 -0.301612642118915
IBS030 HG01684 -0.667172689756848 -0.91218923793614 -1.15798405681456 2 2 1 -0.7236873384261 -0.523059255256095 0.784578242078821
IBS031 HG01685 -0.228229104498877 -0.88972112676286 -0.30894792457391 2 0 0 0.20873010015458 -1.69926037952955 -0.701856365160387
IBS031 HG01686 -0.339962018986475 -0.690161732248614 1.15260179123507 1 3 2 -0.639313774766381 -0.852681859386218 0.355207594501274
IBS034 HG01694 -0.118468847377716 0.27775117341805 -0.0479950002610073 1 0 0 0.186871096798503 -1.40399026864331 0.146986846433213
IBS034 HG01695 0.87284037796113 -0.742276571681245 2.19043279710643 2 2 1 -1.56580151464032 -1.85786575369258 -0.135787653141659
IBS035 HG01697 0.637977722541744 0.164582593629854 0.307226542165354 2 1 1 1.48685867759138 1.2088036808041 -0.378579809026499
IBS035 HG01699 -0.335834037400975 -0.437785328968279 -0.374108453482701 1 0 2 -1.85260572772404 -0.836497617667759 0.268382775204693
IBS036 HG01700 -1.08497756996658 0.422706004884017 0.516596531901781 1 3 1 -1.10597151227144 0.223303031907884 -0.0856770831105985
IBS036 HG01702 -1.10852209517056 -0.817511909780421 -0.958454792429923 2 3 0 -1.13067671655676 -2.08856633414239 -0.972904201084739
IBS037 HG01704 1.35565941320942 1.82910714322808 -0.0158220845295065 2 1 1 -0.641110855428366 -0.887303972732426 -1.65953106434591
IBS037 HG01705 0.655360010817582 -1.20107921888602 -0.654521940714963 1 3 0 1.07303108197681 -0.0333868540423237 0.137897515364088
IBS038 HG01707 0.429399440413931 -1.63462787161643 -0.470393651534373 2 1 2 0.228068860974956 -0.734045885531784 0.294785468443041
IBS038 HG01708 -1.3404838311343 -0.556228381787533 -0.18668710894111 1 1 0 -1.16324329998216 0.381454188897233 0.227214929775466
IBS039 HG01709 -1.5722060918854 0.722890866608274 0.82660548437911 1 2 0 0.0715415798405258 1.23075117815675 0.223816459039604
IBS039 HG01710 -0.00107191386338018 -1.05923699525643 -0.782958336993077 2 1 0 -1.7221169720594 1.60311921982666 0.430327183134655
IBS041 HG01746 -0.148381415533284 1.26284317671184 -1.92155482930252 2 1 2 0.59296054816646 2.25682631231383 0.440048041826768
IBS041 HG01747 0.449730672282872 0.855505318604513 -0.441100207298505 1 1 0 0.070274076181043 1.21154951951188 -0.632725734161017
IBS044 HG01756 0.702570855617612 0.487972295193371 -1.10072773841469 1 2 1 0.335669347145093 -0.966807238880641 0.243857734668612
IBS044 HG01757 -0.673714167189067 -0.396484907048339 0.780998020389737 2 0 0 -0.123286566183976 2.26087797387535 0.34136086050667
IBS046 HG01761 -1.27623294365146 1.15585380840627 0.868353926438206 1 2 1 1.37317285732195 -0.660697071526922 0.51976178177026
IBS046 HG01762 0.158091959061137 -1.60833343012611 0.333987494559086 2 0 1 1.02988264661417 1.31024415699204 0.942326818919259
IBS049 HG01770 -1.27661948916569 1.38212826776213 0.503778068566652 2 3 0 0.293462292893355 -1.38184398252588 -1.01494938774899
IBS049 HG01771 0.444078917868881 -0.687668571375215 -0.932847857331425 1 0 1 -1.0132254215839 -1.05261959385882 -0.114374652733973
IBS050 HG01773 -0.194105758102517 1.27183363724058 -1.3323300045378 2 3 0 -0.0208303185065662 2.229844354253 0.499542220639538
IBS050 HG01775 -0.302213123312875 0.263316643472103 0.0983182701176957 1 2 1 -1.57039498807607 1.08029387208085 0.364595287964154
IBS051 HG01776 -0.0912695123931537 -0.161860120617178 0.624749787667933 2 1 1 -0.157177867270602 0.23665812470452 0.792160516823644
IBS051 HG01777 0.598108495237464 -1.49813578980342 0.58885305473867 1 2 2 -0.272078212401297 -0.775521235227007 0.505050058065376
IBS052 HG01779 0.596816682890237 0.343938826422009 -0.798856644580283 2 2 1 0.141767778155389 -1.34395253600925 -0.206662940374243
IBS052 HG01781 0.245973754951393 -0.791053012815779 0.597208674948925 1 0 1 -0.46150852580418 -0.662988414061367 1.25407793237527
IBS053 HG01783 -0.999033752593469 0.839628391409675 -0.245230716120276 1 2 1 -0.946164282389432 -0.221109573618306 -1.04447439301506
IBS053 HG01784 0.940168022925668 0.997838869925584 -0.288028226347626 2 3 0 2.01576176451999 1.21480304146278 1.8098643751791
IBS056 HG02220 -0.81710919275777 -1.10536222330444 0.211495361149092 2 0 0 0.166372927404343 -1.65544635773953 1.43202047927757
IBS056 HG02221 0.402502019566812 -0.944976339247086 0.966188149468229 1 2 2 0.660717321936285 -0.0434512349764998 -0.638610953766482
IBS057 HG02223 1.18495633270834 0.165792914972703 -0.918784024245645 2 1 1 -1.21285510669055 1.2532198718969 0.0715948538053997
IBS057 HG02224 0.184553066728694 0.937061229112726 -0.82754775343371 1 2 2 0.180199192515196 -0.685126628087393 -1.83892838261903
IBS059 HG02230 1.55037189559765 -0.987896508648141 0.394341961122897 2 3 1 -0.595360655268487 0.822628405463116 1.75033070809297
IBS059 HG02231 -0.682318820030844 0.365972830399838 0.291163739415873 1 1 0 -0.381506600325 0.0633322361892266 -0.0345484537932446
IBS060 HG02232 1.43453792751264 -1.28973710907523 -1.07004534720253 2 2 1 -1.87791500673213 -0.204505049110872 0.521739799420971
IBS060 HG02233 -0.937980597044574 -0.160697808580134 1.02114488164683 1 4 0 -0.537680794297491 0.378159422929516 0.370971163396355
IBS061 HG02235 -1.23337275832986 -1.3034481237192 1.8737623835147 2 2 0 -0.241253890077672 0.00584228100909698 -0.0960553999661857
IBS061 HG02236 -1.0902773489228 -1.18026938095607 0.547985594844899 1 0 0 -0.495114308310022 -0.0988863272245457 0.369715888187595
IBS062 HG02238 0.323302185439561 -1.77531124584449 -0.25768955871759 1 1 1 0.741154125256617 -0.64305979341234 -1.70175871617146
IBS062 HG02239 -1.73737289650642 -1.37301730939304 0.639565278793767 2 2 2 0.742292099262283 -0.10271171375576 -2.31267807863499
NA20502 NA20502 -1.8852951599553 -0.341880246262251 -0.840861795708963 2 1 2 -0.169311480355877 1.02198131597555 0.287510759761533
NA20503 NA20503 0.366547206816095 -0.305416825976724 1.76199956841828 2 1 2 -2.01847510957494 -0.521477618980288 -0.672913178362562
NA20504 NA20504 0.768453252901261 0.891417259269887 -0.00233615241924746 2 1 2 0.615857448428998 -0.166533327445568 -0.911783411063753
NA20505 NA20505 -0.498711287219034 -0.0267545853195309 0.390467992616223 2 2 1 -0.640972225806588 -0.592687696600543 1.26915492426469
NA20507 NA20507 -0.473773227696681 0.587790390953739 2.38523324013968 2 2 1 -0.346414488189645 0.853460204072564 -0.135158923540606
NA20508 NA20508 -1.43060071632829 -1.13904206893136 0.0762300931508683 2 1 0 1.48342932546611 0.517123178811633 -0.659630736763621
NA20509 NA20509 0.810088343949183 0.0583010890711105 0.160246729407046 1 4 1 -1.90376922239401 1.20804828130463 -0.960443278900323
NA20510 NA20510 0.597921766515269 1.00764696133124 0.0502976526776862 1 1 1 -1.18165136531712 0.249440834444574 -1.24967234871497
NA20511 NA20511 0.0879727153542775 -1.11270584861403 -2.1606439148179 1 4 2 1.04672213567459 1.09634382799934 0.382230747602287
NA20512 NA20512 -0.291047101593018 -1.84891713878468 0.890652341478983 1 2 2 -0.307787072104192 0.782464596898685 -0.977076139543996
NA20513 NA20513 0.0138400912413469 1.26703438563259 0.0619867013031526 1 3 0 0.732321114303475 -0.905207775928406 0.540576977382449
NA20514 NA20514 0.847500567897698 1.56748204437962 -0.173583313846435 2 2 1 0.486602026014438 1.12679223763825 -0.1959949139093
NA20515 NA20515 -0.478399884585636 -0.513457874463168 0.12726728422808 1 2 1 -1.20349782773911 -1.83394198802431 -1.40417236164364
NA20516 NA20516 -0.493289796706625 -0.386007807865468 -0.212942919353031 1 1 0 0.0103118534287445 0.417213111279283 0.346598632719149
NA20517 NA20517 0.262383861604269 -0.164482997836087 -0.793710156429586 2 1 1 -1.2263515036459 0.550605833835137 -1.22690886061102
NA20518 NA20518 -0.487744076357143 -1.21715080647868 0.648130384204852 1 2 1 0.371661781040644 0.98065269118253 0.241216614045028
NA20519 NA20519 -2.22823905542689 0.120347562046825 0.286789669270207 1 2 1 -1.14825202519975 -0.444968360889918 -0.147413982468
NA20520 NA20520 -0.21521389392613 -1.22479062930078 0.0155129423381807 1 0 1 0.143113066574245 -0.139566042406405 -1.22600181308256
NA20521 NA20521 -1.6824894794652 -0.0976594764185179 -0.189447981586835 1 0 0 0.292130167708109 -1.95841776683602 -1.02341140856486
NA20522 NA20522 -1.82085982727283 -0.768360644612915 -0.669512780597539 2 2 1 0.350323095814403 0.918136146488301 -1.30517646673725
NA20524 NA20524 0.264771493668731 -0.164869023702038 0.907165798385218 1 1 0 0.829468904771717 -0.775685305574034 0.511099324611872
NA20525 NA20525 1.63594252476628 -1.26522699513067 1.50961196619277 1 0 1 0.935328353468683 -0.65709011423762 -0.0972977334483364
NA20527 NA20527 0.536923918327577 0.415867438103334 0.234809155919787 1 3 0 1.33784536683298 -0.733985350929968 3.28961014752237
NA20528 NA20528 -0.829879986699868 0.0721117081214442 0.0611835858365562 1 2 0 -0.388443600870121 1.63783526970624 -0.442618368596877
NA20529 NA20529 -0.447285456229221 1.08617381948251 0.661921875988199 2 1 2 -0.0402810838891398 0.364690282490505 -0.420546337071449
NA20531 NA20531 -0.631191555653863 2.51245424679994 1.02995669944388 2 1 1 -0.480711844972619 -0.580610191449389 0.00924313041037445
NA20532 NA20532 1.19306773611551 0.721012024923502 -0.138799479654812 1 2 2 -0.269724827821588 0.806787517900607 0.518856967095339
NA20534 NA20534 -1.46475305694721 0.657523102682312 -0.0309919728337427 1 2 0 -0.535207405093686 0.139369267279291 0.107053632088142
NA20535 NA20535 0.553069478241395 -0.30852871254224 1.8375636612544 2 1 1 -0.0751063508222492 -0.00580448071900436 0.94745922584703
NA20536 NA20536 -0.410093971246355 1.68712803626891 -0.621555955953349 1 2 1 -0.381524090006539 0.890486438381253 0.767062304526513
NA20538 NA20538 0.710169756143329 -0.612292584607832 0.0733759772523357 1 1 1 -0.868621567278514 1.07343972515723 -0.572829157775795
NA20539 NA20539 -0.184211022787153 0.265868045945208 -0.584964190263701 1 1 1 -0.883955917575007 1.93878905800713 -0.953754347114564
NA20540 NA20540 0.887548578218399 -2.0110654148909 0.121576326147585 2 1 1 0.499586121170301 1.56290315877805 0.15063607168566
NA20541 NA20541 -0.161586677387259 -0.859457023117801 -0.114709826705215 2 1 2 -1.90262650442243 -0.437767007090688 -0.293557995653837
NA20542 NA20542 1.41416379179365 0.00451796521267767 -1.93538696432433 2 2 0 0.044176347304632 0.533287414968726 0.0382550621554762
NA20543 NA20543 -1.83475871468261 1.08731618962754 0.799367380157457 1 3 1 0.706040188884867 -0.938124383464881 -0.167148499841937
NA20544 NA20544 0.298091161517791 0.333817995663907 -1.78421927687094 1 2 1 -1.55233423137661 2.31537727699684 -0.243768277043428
NA20581 NA20581 1.38064093100653 -0.445491258937306 1.22196635934366 1 2 0 0.831961219376117 -0.110701019569067 0.324358443386384
NA20582 NA20582 -0.384587559136632 0.645619174589436 0.11023395720385 2 2 1 1.82464013004837 -0.510832357945522 2.01183155419032
NA20585 NA20585 -0.284485377841918 0.191488849672066 0.174698429433281 2 1 2 0.425735815223201 -0.153289652735557 0.887276567114435
NA20586 NA20586 -1.40215524720692 -1.1246726056419 -1.59751217954225 1 2 1 0.963830596704633 1.05881656397215 0.13895248605448
NA20587 NA20587 0.534567491780393 0.275361030058593 -0.426080439188087 2 1 1 0.325758861048382 0.280211742643777 0.42360072641101
NA20588 NA20588 -0.475698049282512 -1.38087611434704 -1.16355640045489 1 2 1 -0.244723856052364 0.652065402627879 -1.3412673105206
NA20589 NA20589 0.767926559305461 -1.02301062786969 0.8189799493336 2 1 0 -0.0917396125950862 0.264705179652058 1.40553488125943
NA20752 NA20752 0.354132800018743 -0.17444229766585 -1.88809306880112 1 0 2 0.327643444201301 -0.150246036324966 1.7803515221183
NA20753 NA20753 -0.314221989090186 -0.134507992460245 1.95109492229356 2 1 1 0.0569216133799959 0.262959862933684 1.42469071491897
NA20755 NA20755 0.180091367034871 0.233504912925547 0.190089599827906 1 1 1 0.16779747088825 -0.848846256028331 0.27901538951529
NA20756 NA20756 -1.18159174902268 -0.0616951972235212 0.604484060238192 2 2 2 -1.49514137997433 0.885982412636734 -1.51820971028961
NA20757 NA20757 -0.776464340867827 -2.18171359963674 0.348639705760493 2 0 0 1.06650365335309 0.218181090394082 -0.391450241846339
NA20758 NA20758 0.949988138081971 -0.330780980051294 0.846730235598574 1 3 2 -1.47804797903901 1.28486904195813 0.528737941287202
NA20759 NA20759 -0.449878495847766 0.550637367918898 -0.25253568310478 1 1 1 -0.480265859485474 0.64448375360113 0.17695633432557
NA20760 NA20760 0.244500279353392 0.565988098937128 -1.30503495589726 2 1 0 -0.759663602880946 0.935964455303298 0.466297828933256
NA20761 NA20761 -0.651514825939525 1.63720858472684 -0.140773243862122 2 1 0 -1.53150981909656 -0.0713935464789597 -0.135598458516008
NA20762 NA20762 0.144575259970432 1.62836141724478 0.648184822793469 1 0 1 1.85249306639839 0.92284810974 -0.220130410421845
NA20763 NA20763 -0.429940035742272 -1.3075778013514 -0.484461214380418 1 1 1 -1.48872394010963 0.297559254237054 -1.98730286082376
NA20764 NA20764 0.538491757902035 -0.879966891033204 -0.57998115479607 2 2 1 0.116953397114792 0.0624804756484713 0.597313888638488
NA20765 NA20765 0.459040552355971 -2.96103291661854 -1.60951494394558 1 2 1 -1.03493474162225 0.846645240665014 1.40845524181116
NA20766 NA20766 -1.57184657972421 0.147872329809644 -0.402173144199021 2 2 0 1.22663999818628 0.353863360060945 -0.331124850321443
NA20767 NA20767 0.749158373713875 0.457429579815074 0.716363428171144 1 0 0 -1.83418155912776 -0.582934060942336 0.208791675120849
NA20768 NA20768 0.242086804568315 0.609681967668164 0.443215929352694 2 2 0 -0.721163730094112 -2.04705007755802 0.227905023358356
NA20769 NA20769 -0.601862807789132 0.549076735280256 -0.204810956353075 2 2 1 0.877771926588976 -0.52742754281251 -0.0806005310690777
NA20770 NA20770 -0.657590216337218 0.0760409530847631 -0.255547397361835 1 1 1 1.76436010108755 -0.835788834374142 -0.177372478304715
NA20771 NA20771 1.56883584194225 0.439621149882352 0.821120152329974 2 2 1 0.200997752536965 -0.325330603370836 -1.75676520039018
NA20772 NA20772 -0.260233963791573 -0.735662820928265 -2.01095685935944 2 2 1 0.407420213006532 -0.856154994573727 0.294909757620686
NA20773 NA20773 -0.465475511401179 1.04241488649189 0.2122592362366 2 1 2 -0.0848744785870945 0.401243124465761 -0.318532650566535
NA20774 NA20774 -0.606740138052716 1.85602526481656 -1.04483579547475 2 1 1 0.312660971073439 -1.19883722255431 0.857100276029175
NA20775 NA20775 -0.608382426407515 -0.426554795097264 0.743153535474739 2 1 2 -0.637995568248226 0.166488514723527 1.51278763959323
NA20778 NA20778 -0.343815269929574 0.00843424589720231 -0.212757386973725 1 3 1 1.26630513753489 1.02512612058835 0.0459999552604687
NA20783 NA20783 0.125231626058082 0.937316405663195 -1.94115342082403 1 2 0 1.01159523189972 -0.433934846019205 0.0962416358617833
NA20785 NA20785 -0.272476593954037 -0.340209150876084 2.85075731275942 1 2 1 0.0460521010640223 0.4751407436032 -0.515770750663132
NA20786 NA20786 -0.831906922779039 0.11169570298397 1.37177683893543 2 0 0 2.24889904295158 -0.817619362663469 0.00613747392930138
NA20787 NA20787 0.183424260482626 0.956232802264878 0.352198479489876 1 1 0 0.81149400444144 -1.34873464382267 0.806333139753453
NA20790 NA20790 -0.676775664366162 -0.193652005341962 1.46427044323582 2 1 0 0.116725969681103 -1.26102743969204 0.956628158465086
NA20795 NA20795 -0.720214732902555 1.16992779744165 -0.520237399214884 2 3 0 0.894939443842465 -0.723825357769117 -0.167597564463574
NA20796 NA20796 -0.819972432677997 -0.68831211966048 0.302184074516759 1 2 0 0.877317713558371 -0.332630357186188 1.39625652527915
NA20797 NA20797 0.352406766604185 -0.512014848773986 1.04444659310564 2 1 1 1.20569186070521 0.296531953466399 1.40720313137663
NA20798 NA20798 -0.372408557740608 -1.7453007859554 -1.10246304121913 1 1 1 -0.775770178388729 -1.41885971405342 0.598878758422325
NA20799 NA20799 1.11545364174279 0.0720935456741288 -0.751734646434426 2 2 2 -1.03505697144771 0.872178353984421 0.520557667936628
NA20800 NA20800 -0.475153773318945 -0.557350366904642 0.107863178368026 2 0 1 -0.265101077679143 -1.26801664533404 0.799540217299606
NA20801 NA20801 0.931943444776718 0.427298572580355 1.31576118550113 1 1 0 -1.16755036030619 1.22288507463771 0.250947174710777
NA20802 NA20802 1.40877671535396 1.82679022962129 -2.08241398892422 2 0 2 0.580395020383919 0.0924350573819014 -0.508911773194167
NA20803 NA20803 0.798525678949676 0.323914169327596 -0.674490579185433 1 1 0 -0.435997775928867 0.681873241916962 2.35377501755046
NA20804 NA20804 -0.144414018008282 0.881900197859442 0.401451984944213 2 0 1 -0.314748359636003 -0.63200837070865 -0.102683062874312
NA20805 NA20805 -0.947041043465503 -0.585175614945741 -0.451655474784147 1 3 1 0.431009416857004 -0.939625886046434 0.200948550238925
NA20806 NA20806 -1.28091005205676 -0.544859700408799 0.209873654910693 1 0 1 0.291277151566458 1.40540154331062 0.727557898917613
NA20807 NA20807 -0.869661794736804 -0.610665794963395 -0.376132452207858 2 1 1 -0.49442398668158 -0.303117703588611 1.17099178923585
NA20808 NA20808 1.08868797096262 0.995549689980031 1.14843353515776 2 1 2 -0.256152239816299 1.02579086215218 -0.0349068137934509
NA20809 NA20809 -1.09108921894741 -0.238160205391491 -0.50726781310923 1 0 1 -1.00911918115878 0.963247307741375 1.89799928154935
NA20810 NA20810 -1.36822086327327 -0.194957462745067 0.843552572399053 1 0 1 -0.756521850018194 -0.387110587601798 -0.455389974900723
NA20811 NA20811 -0.403655855759428 1.69840220376913 2.03211143372905 1 0 0 -0.0317292641294377 -1.41906153649716 1.48656816296601
NA20812 NA20812 -0.829386626423186 0.118339032189875 -0.6535358844027 1 2 2 0.0421259723887683 -2.63779436576361 -0.0395907150772044
NA20813 NA20813 -0.296107995623665 1.27535221905347 -0.135154928159823 2 1 1 1.99293662098715 -1.51654403425467 0.0467111873073311
NA20814 NA20814 -0.205202540020974 -0.293355293245417 -1.08241368025542 1 1 0 -0.644502960525599 0.0966667943912498 1.09989187127077
NA20815 NA20815 -0.124132759168362 -0.134210483501049 -0.298362103525329 1 2 1 -0.340061720885761 -0.00642600972032747 -0.395936533677961
NA20818 NA20818 0.976185143538771 0.356935262148099 2.08562821308317 2 0 1 -0.951814938675798 -0.478350746995215 -0.668532082635188
NA20819 NA20819 -0.954631735280072 -0.438256316879134 0.41471336366705 2 2 0 0.543109063654285 -0.609816352079167 -0.0336111876240568
NA20821 NA20821 -0.17622319763603 -0.711265385656111 1.03556509837313 2 1 1 1.43481856183907 1.21562902940989 0.381634550287952
NA20822 NA20822 -1.19286113504725 -0.341811160216742 -1.47011380417338 2 0 2 -0.374457633192653 -0.49764474990796 -0.0277816201522783
NA20826 NA20826 0.310530068994143 -0.909621869057625 -0.0276859187823113 2 3 1 -0.299488609225018 1.05873775753499 -0.327099052105036
NA20827 NA20827 -0.404451913008995 2.02012839929924 -0.188654160455239 1 0 1 -1.09591532648667 -0.236496884362603 -0.842795575772264
NA20828 NA20828 -1.76197438363881 0.924438906427493 1.06097819710671 2 0 2 0.839406202398404 0.122475256376149 -1.54563313440676
NA20832 NA20832 -0.304743897161719 -0.823193936568526 -1.64889816443358 2 2 0 0.388264622759677 -0.791880708248145 1.43659049094424
